576 settled BTC 5m candles; 10170 wallets
sum of all wallets pnl -215995 (should be ~ -fees -216002)
rank wallet        pnl$    trades cands  maker%  buy%  mean px  vol$     sec p10/p50/p90
  1 0x9783f45c     +8087    1301    29      0   100  0.475     17917  +39/+129/+228
  2 0x3048d653     +7567   28301   572     41   100  0.458    329117  +19/+103/+223
  3 0x18368993     +6804     306     5     95   100  0.669     10773  +7/+72/+138
  4 0x86b14772     +6335   28835   572     96   100  0.503    499033  +21/+111/+226
  5 0xb7e35c5a     +5040     123     1      0   100  0.515     10777  +55/+75/+210
  6 0xc4e21390     +4137    1226   138      0    99  0.738     38317  +27/+63/+126
  7 0xcb43452d     +3703     128    73     38   100  0.514     20984  -297/-297/+1
  8 0xae3985e1     +3676     343    12     46   100  0.623      7230  -21/+36/+153
  9 0x41e2e1cc     +3462    9944   568     23   100  0.493    196442  +43/+159/+246
 10 0x7743aea5     +3395    6381   479    100   100  0.419     98508  +19/+129/+244
 11 0x9e3ed7b6     +3039    2538   443      7    81  0.534     91200  -14/+114/+238
 12 0xc6e3fec2     +2980     143   129      0   100  0.575     13295  -15/-6/+4
 13 0x9ca8ad06     +2966     322     4     97    24  0.833     10176  +33/+192/+247
 14 0xc387c2a4     +2833    8192   427    100   100  0.265     77138  +85/+177/+252
 15 0x48ac40fc     +2825    1232   165     87   100  0.967    206544  +156/+234/+298
 16 0x395ec444     +2755     193     1    100   100  0.510      2867  +34/+36/+54
 17 0x3c58ef42     +2655    2320   437     35   100  0.493     31349  +21/+154/+259
 18 0x22a4827c     +2558     111     6     38    99  0.696      4917  +3/+76/+148
 19 0xbadb9af9     +2528     264    25     84    39  0.716     13179  -2/+133/+241
 20 0x9cbc68db     +2522     625    12     56    97  0.529     10827  +9/+100/+187
 21 0xc1b4bfdc     +2265   15532   573    100   100  0.485    151202  +30/+154/+252
 22 0xc53375ff     +2221   14263   565     35   100  0.471    198678  +19/+121/+232
 23 0xcd30457c     +2107   15000   573     99    99  0.474    144514  +24/+127/+246
 24 0xc87836be     +2092     241    51      1   100  0.539      4659  -44/+75/+196
 25 0x32ed2e54     +2038    4531   471     90   100  0.413    112297  +21/+142/+247
 26 0x433f62d1     -6956     275    10     91   100  0.389      7361  +27/+130/+214
 27 0x747abbf1     -7824    4739   211     82    32  0.793    251413  +13/+153/+243
 28 0x0cb03848     -8577   29161   558     87    72  0.471    394801  +19/+121/+217
 29 0x4b01c8e0    -16674    1852    49     88    26  0.553    102438  +19/+144/+238
 30 0xcc0d715a    -30799    3649    25     99   100  0.442     49267  +7/+49/+151
