vol cut 0.260  test ['09-13', '09-14', '09-15', '09-16']  calm-FAV fills 255
   S     fills  stopped  avg_stop$     $@10    maxDD   P/DD  days+  H1$     H2$     per day
 none    255       0     +0.00  +149.15    68.62   2.17  4/4  +80.66  +68.49  +75 +31 +18 +26
 0.55    255     127     -3.62    +2.93    61.73   0.05  2/4  +40.27  -37.35  +31 -24 -4 +1
 0.50    255     118     -4.24    +4.37    66.79   0.07  2/4  +48.52  -44.15  +46 -29 -17 +4
 0.45    255     107     -5.00   +15.19    71.28   0.21  2/4  +45.27  -30.08  +39 -27 -14 +17
 0.40    255      97     -5.73   +40.38    64.66   0.62  2/4  +64.22  -23.84  +57 -15 -13 +11
 0.35    255      92     -6.29   +37.93    77.45   0.49  2/4  +80.42  -42.49  +73 -24 -15 +4
 0.30    255      85     -6.83   +65.65    76.20   0.86  2/4  +94.43  -28.78  +83 -14 -8 +5
 0.25    255      79     -7.43   +85.58    67.54   1.27  3/4  +78.15   +7.43  +62 +7 -7 +24
 0.20    255      78     -7.95   +55.96    76.83   0.73  2/4  +74.38  -18.42  +53 -2 -13 +18
