R-27  EF parameters per volatility regime
  2076 graded Polymarket fires with a prior-6-candle vol reading
  buckets fixed FIRST: rv6 (bps) cut at the 33rd/67th pct = 4.05 / 8.56

  THE PLAIN ANSWER: what the CURRENT parameters already do per bucket
  bucket       n      W%    per $1      total   med ask
  LOW        685   57.4%    +0.200    +136.96     0.470
  MID        706   50.4%    +0.095     +66.94     0.450
  HIGH       685   51.7%    +0.114     +77.89     0.450

  FULL GRID per bucket. Every cell; <60 fires marked insufficient.
  Each cell is a RESTRICTION of the fires already taken.

  === LOW (n=685) ===
  evflr  maxp   secwin    |p-.5|      n      W%    per $1     total
  0.00   0.40   60-300    0.00       94   55.3%    +0.460    +43.28
  0.00   0.50   0-30      0.00       87   59.8%    +0.278    +24.18
  0.00   0.50   30-45     0.00       69   69.6%    +0.517    +35.67
  0.00   0.50   60-300    0.00      249   53.8%    +0.245    +60.91
  0.00   0.50   60-300    0.05      106   70.8%    +0.517    +54.84
  0.00   0.60   0-30      0.00      182   59.9%    +0.167    +30.33
  0.00   0.60   0-30      0.05      133   63.2%    +0.170    +22.59
  0.00   0.60   0-30      0.10      109   62.4%    +0.127    +13.81
  0.00   0.60   30-45     0.00      101   62.4%    +0.306    +30.90
  0.00   0.60   30-45     0.05       71   59.2%    +0.154    +10.95
  0.00   0.60   45-60     0.00       66   63.6%    +0.359    +23.67
  0.00   0.60   60-300    0.00      325   52.9%    +0.160    +51.99
  0.00   0.60   60-300    0.05      182   62.1%    +0.252    +45.92
  0.00   0.60   60-300    0.10      116   61.2%    +0.173    +20.04
  0.00   0.70   0-30      0.00      185   58.9%    +0.148    +27.33
  0.00   0.70   0-30      0.05      136   61.8%    +0.144    +19.59
  0.00   0.70   0-30      0.10      112   60.7%    +0.096    +10.81
  0.00   0.70   30-45     0.00      104   63.5%    +0.314    +32.69
  0.00   0.70   30-45     0.05       74   60.8%    +0.172    +12.74
  0.00   0.70   45-60     0.00       67   62.7%    +0.338    +22.67
  0.00   0.70   60-300    0.00      329   53.5%    +0.165    +54.27
  0.00   0.70   60-300    0.05      186   62.9%    +0.259    +48.20
  0.00   0.70   60-300    0.10      120   62.5%    +0.186    +22.32
  0.00   0.70   60-300    0.15       62   64.5%    +0.150     +9.31
  0.00   0.80   0-30      0.00      185   58.9%    +0.148    +27.33
  0.00   0.80   0-30      0.05      136   61.8%    +0.144    +19.59
  0.00   0.80   0-30      0.10      112   60.7%    +0.096    +10.81
  0.00   0.80   30-45     0.00      104   63.5%    +0.314    +32.69
  0.00   0.80   30-45     0.05       74   60.8%    +0.172    +12.74
  0.00   0.80   45-60     0.00       67   62.7%    +0.338    +22.67
  0.00   0.80   60-300    0.00      329   53.5%    +0.165    +54.27
  0.00   0.80   60-300    0.05      186   62.9%    +0.259    +48.20
  0.00   0.80   60-300    0.10      120   62.5%    +0.186    +22.32
  0.00   0.80   60-300    0.15       62   64.5%    +0.150     +9.31
  0.05   0.40   60-300    0.00       94   55.3%    +0.460    +43.28
  0.05   0.50   0-30      0.00       87   59.8%    +0.278    +24.18
  0.05   0.50   30-45     0.00       69   69.6%    +0.517    +35.67
  0.05   0.50   60-300    0.00      249   53.8%    +0.245    +60.91
  0.05   0.50   60-300    0.05      106   70.8%    +0.517    +54.84
  0.05   0.60   0-30      0.00      182   59.9%    +0.167    +30.33
  0.05   0.60   0-30      0.05      133   63.2%    +0.170    +22.59
  0.05   0.60   0-30      0.10      109   62.4%    +0.127    +13.81
  0.05   0.60   30-45     0.00      101   62.4%    +0.306    +30.90
  0.05   0.60   30-45     0.05       71   59.2%    +0.154    +10.95
  0.05   0.60   45-60     0.00       66   63.6%    +0.359    +23.67
  0.05   0.60   60-300    0.00      325   52.9%    +0.160    +51.99
  0.05   0.60   60-300    0.05      182   62.1%    +0.252    +45.92
  0.05   0.60   60-300    0.10      116   61.2%    +0.173    +20.04
  0.05   0.70   0-30      0.00      185   58.9%    +0.148    +27.33
  0.05   0.70   0-30      0.05      136   61.8%    +0.144    +19.59
  0.05   0.70   0-30      0.10      112   60.7%    +0.096    +10.81
  0.05   0.70   30-45     0.00      104   63.5%    +0.314    +32.69
  0.05   0.70   30-45     0.05       74   60.8%    +0.172    +12.74
  0.05   0.70   45-60     0.00       67   62.7%    +0.338    +22.67
  0.05   0.70   60-300    0.00      329   53.5%    +0.165    +54.27
  0.05   0.70   60-300    0.05      186   62.9%    +0.259    +48.20
  0.05   0.70   60-300    0.10      120   62.5%    +0.186    +22.32
  0.05   0.70   60-300    0.15       62   64.5%    +0.150     +9.31
  0.05   0.80   0-30      0.00      185   58.9%    +0.148    +27.33
  0.05   0.80   0-30      0.05      136   61.8%    +0.144    +19.59
  0.05   0.80   0-30      0.10      112   60.7%    +0.096    +10.81
  0.05   0.80   30-45     0.00      104   63.5%    +0.314    +32.69
  0.05   0.80   30-45     0.05       74   60.8%    +0.172    +12.74
  0.05   0.80   45-60     0.00       67   62.7%    +0.338    +22.67
  0.05   0.80   60-300    0.00      329   53.5%    +0.165    +54.27
  0.05   0.80   60-300    0.05      186   62.9%    +0.259    +48.20
  0.05   0.80   60-300    0.10      120   62.5%    +0.186    +22.32
  0.05   0.80   60-300    0.15       62   64.5%    +0.150     +9.31
  0.10   0.40   60-300    0.00       94   55.3%    +0.460    +43.28
  0.10   0.50   0-30      0.00       87   59.8%    +0.278    +24.18
  0.10   0.50   30-45     0.00       69   69.6%    +0.517    +35.67
  0.10   0.50   60-300    0.00      249   53.8%    +0.245    +60.91
  0.10   0.50   60-300    0.05      106   70.8%    +0.517    +54.84
  0.10   0.60   0-30      0.00      182   59.9%    +0.167    +30.33
  0.10   0.60   0-30      0.05      133   63.2%    +0.170    +22.59
  0.10   0.60   0-30      0.10      109   62.4%    +0.127    +13.81
  0.10   0.60   30-45     0.00      101   62.4%    +0.306    +30.90
  0.10   0.60   30-45     0.05       71   59.2%    +0.154    +10.95
  0.10   0.60   45-60     0.00       66   63.6%    +0.359    +23.67
  0.10   0.60   60-300    0.00      325   52.9%    +0.160    +51.99
  0.10   0.60   60-300    0.05      182   62.1%    +0.252    +45.92
  0.10   0.60   60-300    0.10      116   61.2%    +0.173    +20.04
  0.10   0.70   0-30      0.00      185   58.9%    +0.148    +27.33
  0.10   0.70   0-30      0.05      136   61.8%    +0.144    +19.59
  0.10   0.70   0-30      0.10      112   60.7%    +0.096    +10.81
  0.10   0.70   30-45     0.00      104   63.5%    +0.314    +32.69
  0.10   0.70   30-45     0.05       74   60.8%    +0.172    +12.74
  0.10   0.70   45-60     0.00       67   62.7%    +0.338    +22.67
  0.10   0.70   60-300    0.00      329   53.5%    +0.165    +54.27
  0.10   0.70   60-300    0.05      186   62.9%    +0.259    +48.20
  0.10   0.70   60-300    0.10      120   62.5%    +0.186    +22.32
  0.10   0.70   60-300    0.15       62   64.5%    +0.150     +9.31
  0.10   0.80   0-30      0.00      185   58.9%    +0.148    +27.33
  0.10   0.80   0-30      0.05      136   61.8%    +0.144    +19.59
  0.10   0.80   0-30      0.10      112   60.7%    +0.096    +10.81
  0.10   0.80   30-45     0.00      104   63.5%    +0.314    +32.69
  0.10   0.80   30-45     0.05       74   60.8%    +0.172    +12.74
  0.10   0.80   45-60     0.00       67   62.7%    +0.338    +22.67
  0.10   0.80   60-300    0.00      329   53.5%    +0.165    +54.27
  0.10   0.80   60-300    0.05      186   62.9%    +0.259    +48.20
  0.10   0.80   60-300    0.10      120   62.5%    +0.186    +22.32
  0.10   0.80   60-300    0.15       62   64.5%    +0.150     +9.31
  0.15   0.40   60-300    0.00       94   55.3%    +0.460    +43.28
  0.15   0.50   0-30      0.00       87   59.8%    +0.278    +24.18
  0.15   0.50   30-45     0.00       69   69.6%    +0.517    +35.67
  0.15   0.50   60-300    0.00      249   53.8%    +0.245    +60.91
  0.15   0.50   60-300    0.05      106   70.8%    +0.517    +54.84
  0.15   0.60   0-30      0.00      182   59.9%    +0.167    +30.33
  0.15   0.60   0-30      0.05      133   63.2%    +0.170    +22.59
  0.15   0.60   0-30      0.10      109   62.4%    +0.127    +13.81
  0.15   0.60   30-45     0.00      101   62.4%    +0.306    +30.90
  0.15   0.60   30-45     0.05       71   59.2%    +0.154    +10.95
  0.15   0.60   45-60     0.00       66   63.6%    +0.359    +23.67
  0.15   0.60   60-300    0.00      325   52.9%    +0.160    +51.99
  0.15   0.60   60-300    0.05      182   62.1%    +0.252    +45.92
  0.15   0.60   60-300    0.10      116   61.2%    +0.173    +20.04
  0.15   0.70   0-30      0.00      185   58.9%    +0.148    +27.33
  0.15   0.70   0-30      0.05      136   61.8%    +0.144    +19.59
  0.15   0.70   0-30      0.10      112   60.7%    +0.096    +10.81
  0.15   0.70   30-45     0.00      104   63.5%    +0.314    +32.69
  0.15   0.70   30-45     0.05       74   60.8%    +0.172    +12.74
  0.15   0.70   45-60     0.00       67   62.7%    +0.338    +22.67
  0.15   0.70   60-300    0.00      329   53.5%    +0.165    +54.27
  0.15   0.70   60-300    0.05      186   62.9%    +0.259    +48.20
  0.15   0.70   60-300    0.10      120   62.5%    +0.186    +22.32
  0.15   0.70   60-300    0.15       62   64.5%    +0.150     +9.31
  0.15   0.80   0-30      0.00      185   58.9%    +0.148    +27.33
  0.15   0.80   0-30      0.05      136   61.8%    +0.144    +19.59
  0.15   0.80   0-30      0.10      112   60.7%    +0.096    +10.81
  0.15   0.80   30-45     0.00      104   63.5%    +0.314    +32.69
  0.15   0.80   30-45     0.05       74   60.8%    +0.172    +12.74
  0.15   0.80   45-60     0.00       67   62.7%    +0.338    +22.67
  0.15   0.80   60-300    0.00      329   53.5%    +0.165    +54.27
  0.15   0.80   60-300    0.05      186   62.9%    +0.259    +48.20
  0.15   0.80   60-300    0.10      120   62.5%    +0.186    +22.32
  0.15   0.80   60-300    0.15       62   64.5%    +0.150     +9.31
  0.20   0.40   60-300    0.00       94   55.3%    +0.460    +43.28
  0.20   0.50   60-300    0.00      176   58.5%    +0.393    +69.09
  0.20   0.50   60-300    0.05       75   76.0%    +0.661    +49.57
  0.20   0.60   60-300    0.00      181   58.6%    +0.384    +69.53
  0.20   0.60   60-300    0.05       80   75.0%    +0.625    +50.02
  0.20   0.70   60-300    0.00      181   58.6%    +0.384    +69.53
  0.20   0.70   60-300    0.05       80   75.0%    +0.625    +50.02
  0.20   0.80   60-300    0.00      181   58.6%    +0.384    +69.53
  0.20   0.80   60-300    0.05       80   75.0%    +0.625    +50.02
  0.25   0.40   60-300    0.00       86   55.8%    +0.485    +41.70
  0.25   0.50   60-300    0.00      146   61.6%    +0.485    +70.74
  0.25   0.50   60-300    0.05       64   76.6%    +0.688    +44.04
  0.25   0.60   60-300    0.00      150   61.3%    +0.469    +70.33
  0.25   0.60   60-300    0.05       68   75.0%    +0.642    +43.63
  0.25   0.70   60-300    0.00      150   61.3%    +0.469    +70.33
  0.25   0.70   60-300    0.05       68   75.0%    +0.642    +43.63
  0.25   0.80   60-300    0.00      150   61.3%    +0.469    +70.33
  0.25   0.80   60-300    0.05       68   75.0%    +0.642    +43.63
  0.30   0.40   60-300    0.00       68   55.9%    +0.517    +35.15
  0.30   0.50   60-300    0.00       88   62.5%    +0.586    +51.60
  0.30   0.60   60-300    0.00       89   61.8%    +0.568    +50.60
  0.30   0.70   60-300    0.00       89   61.8%    +0.568    +50.60
  0.30   0.80   60-300    0.00       89   61.8%    +0.568    +50.60
  readable cells: 159 of 560   (401 insufficient, not read)

  === MID (n=706) ===
  evflr  maxp   secwin    |p-.5|      n      W%    per $1     total
  0.00   0.40   60-300    0.00      152   44.7%    +0.221    +33.63
  0.00   0.50   0-30      0.00       72   44.4%    -0.024     -1.75
  0.00   0.50   30-45     0.00       72   52.8%    +0.220    +15.86
  0.00   0.50   60-300    0.00      329   45.3%    +0.087    +28.47
  0.00   0.50   60-300    0.05      139   46.0%    -0.026     -3.56
  0.00   0.60   0-30      0.00      119   46.2%    -0.062     -7.39
  0.00   0.60   0-30      0.05       90   42.2%    -0.198    -17.79
  0.00   0.60   30-45     0.00       91   58.2%    +0.255    +23.21
  0.00   0.60   45-60     0.00       71   49.3%    +0.116     +8.26
  0.00   0.60   60-300    0.00      411   49.4%    +0.101    +41.43
  0.00   0.60   60-300    0.05      221   53.4%    +0.043     +9.41
  0.00   0.60   60-300    0.10      136   56.6%    +0.040     +5.41
  0.00   0.60   60-300    0.15       77   71.4%    +0.269    +20.71
  0.00   0.70   0-30      0.00      120   46.7%    -0.057     -6.80
  0.00   0.70   0-30      0.05       91   42.9%    -0.189    -17.19
  0.00   0.70   30-45     0.00       93   59.1%    +0.261    +24.26
  0.00   0.70   45-60     0.00       72   50.0%    +0.123     +8.83
  0.00   0.70   60-300    0.00      421   49.6%    +0.097    +40.66
  0.00   0.70   60-300    0.05      231   53.7%    +0.037     +8.64
  0.00   0.70   60-300    0.10      146   56.8%    +0.032     +4.63
  0.00   0.70   60-300    0.15       87   70.1%    +0.229    +19.94
  0.00   0.80   0-30      0.00      120   46.7%    -0.057     -6.80
  0.00   0.80   0-30      0.05       91   42.9%    -0.189    -17.19
  0.00   0.80   30-45     0.00       93   59.1%    +0.261    +24.26
  0.00   0.80   45-60     0.00       72   50.0%    +0.123     +8.83
  0.00   0.80   60-300    0.00      421   49.6%    +0.097    +40.66
  0.00   0.80   60-300    0.05      231   53.7%    +0.037     +8.64
  0.00   0.80   60-300    0.10      146   56.8%    +0.032     +4.63
  0.00   0.80   60-300    0.15       87   70.1%    +0.229    +19.94
  0.05   0.40   60-300    0.00      152   44.7%    +0.221    +33.63
  0.05   0.50   0-30      0.00       72   44.4%    -0.024     -1.75
  0.05   0.50   30-45     0.00       72   52.8%    +0.220    +15.86
  0.05   0.50   60-300    0.00      329   45.3%    +0.087    +28.47
  0.05   0.50   60-300    0.05      139   46.0%    -0.026     -3.56
  0.05   0.60   0-30      0.00      119   46.2%    -0.062     -7.39
  0.05   0.60   0-30      0.05       90   42.2%    -0.198    -17.79
  0.05   0.60   30-45     0.00       91   58.2%    +0.255    +23.21
  0.05   0.60   45-60     0.00       71   49.3%    +0.116     +8.26
  0.05   0.60   60-300    0.00      411   49.4%    +0.101    +41.43
  0.05   0.60   60-300    0.05      221   53.4%    +0.043     +9.41
  0.05   0.60   60-300    0.10      136   56.6%    +0.040     +5.41
  0.05   0.60   60-300    0.15       77   71.4%    +0.269    +20.71
  0.05   0.70   0-30      0.00      120   46.7%    -0.057     -6.80
  0.05   0.70   0-30      0.05       91   42.9%    -0.189    -17.19
  0.05   0.70   30-45     0.00       93   59.1%    +0.261    +24.26
  0.05   0.70   45-60     0.00       72   50.0%    +0.123     +8.83
  0.05   0.70   60-300    0.00      421   49.6%    +0.097    +40.66
  0.05   0.70   60-300    0.05      231   53.7%    +0.037     +8.64
  0.05   0.70   60-300    0.10      146   56.8%    +0.032     +4.63
  0.05   0.70   60-300    0.15       87   70.1%    +0.229    +19.94
  0.05   0.80   0-30      0.00      120   46.7%    -0.057     -6.80
  0.05   0.80   0-30      0.05       91   42.9%    -0.189    -17.19
  0.05   0.80   30-45     0.00       93   59.1%    +0.261    +24.26
  0.05   0.80   45-60     0.00       72   50.0%    +0.123     +8.83
  0.05   0.80   60-300    0.00      421   49.6%    +0.097    +40.66
  0.05   0.80   60-300    0.05      231   53.7%    +0.037     +8.64
  0.05   0.80   60-300    0.10      146   56.8%    +0.032     +4.63
  0.05   0.80   60-300    0.15       87   70.1%    +0.229    +19.94
  0.10   0.40   60-300    0.00      152   44.7%    +0.221    +33.63
  0.10   0.50   0-30      0.00       72   44.4%    -0.024     -1.75
  0.10   0.50   30-45     0.00       72   52.8%    +0.220    +15.86
  0.10   0.50   60-300    0.00      329   45.3%    +0.087    +28.47
  0.10   0.50   60-300    0.05      139   46.0%    -0.026     -3.56
  0.10   0.60   0-30      0.00      119   46.2%    -0.062     -7.39
  0.10   0.60   0-30      0.05       90   42.2%    -0.198    -17.79
  0.10   0.60   30-45     0.00       91   58.2%    +0.255    +23.21
  0.10   0.60   45-60     0.00       71   49.3%    +0.116     +8.26
  0.10   0.60   60-300    0.00      411   49.4%    +0.101    +41.43
  0.10   0.60   60-300    0.05      221   53.4%    +0.043     +9.41
  0.10   0.60   60-300    0.10      136   56.6%    +0.040     +5.41
  0.10   0.60   60-300    0.15       77   71.4%    +0.269    +20.71
  0.10   0.70   0-30      0.00      120   46.7%    -0.057     -6.80
  0.10   0.70   0-30      0.05       91   42.9%    -0.189    -17.19
  0.10   0.70   30-45     0.00       93   59.1%    +0.261    +24.26
  0.10   0.70   45-60     0.00       72   50.0%    +0.123     +8.83
  0.10   0.70   60-300    0.00      421   49.6%    +0.097    +40.66
  0.10   0.70   60-300    0.05      231   53.7%    +0.037     +8.64
  0.10   0.70   60-300    0.10      146   56.8%    +0.032     +4.63
  0.10   0.70   60-300    0.15       87   70.1%    +0.229    +19.94
  0.10   0.80   0-30      0.00      120   46.7%    -0.057     -6.80
  0.10   0.80   0-30      0.05       91   42.9%    -0.189    -17.19
  0.10   0.80   30-45     0.00       93   59.1%    +0.261    +24.26
  0.10   0.80   45-60     0.00       72   50.0%    +0.123     +8.83
  0.10   0.80   60-300    0.00      421   49.6%    +0.097    +40.66
  0.10   0.80   60-300    0.05      231   53.7%    +0.037     +8.64
  0.10   0.80   60-300    0.10      146   56.8%    +0.032     +4.63
  0.10   0.80   60-300    0.15       87   70.1%    +0.229    +19.94
  0.15   0.40   60-300    0.00      152   44.7%    +0.221    +33.63
  0.15   0.50   0-30      0.00       72   44.4%    -0.024     -1.75
  0.15   0.50   30-45     0.00       72   52.8%    +0.220    +15.86
  0.15   0.50   60-300    0.00      329   45.3%    +0.087    +28.47
  0.15   0.50   60-300    0.05      139   46.0%    -0.026     -3.56
  0.15   0.60   0-30      0.00      119   46.2%    -0.062     -7.39
  0.15   0.60   0-30      0.05       90   42.2%    -0.198    -17.79
  0.15   0.60   30-45     0.00       91   58.2%    +0.255    +23.21
  0.15   0.60   45-60     0.00       71   49.3%    +0.116     +8.26
  0.15   0.60   60-300    0.00      411   49.4%    +0.101    +41.43
  0.15   0.60   60-300    0.05      221   53.4%    +0.043     +9.41
  0.15   0.60   60-300    0.10      136   56.6%    +0.040     +5.41
  0.15   0.60   60-300    0.15       77   71.4%    +0.269    +20.71
  0.15   0.70   0-30      0.00      120   46.7%    -0.057     -6.80
  0.15   0.70   0-30      0.05       91   42.9%    -0.189    -17.19
  0.15   0.70   30-45     0.00       93   59.1%    +0.261    +24.26
  0.15   0.70   45-60     0.00       72   50.0%    +0.123     +8.83
  0.15   0.70   60-300    0.00      421   49.6%    +0.097    +40.66
  0.15   0.70   60-300    0.05      231   53.7%    +0.037     +8.64
  0.15   0.70   60-300    0.10      146   56.8%    +0.032     +4.63
  0.15   0.70   60-300    0.15       87   70.1%    +0.229    +19.94
  0.15   0.80   0-30      0.00      120   46.7%    -0.057     -6.80
  0.15   0.80   0-30      0.05       91   42.9%    -0.189    -17.19
  0.15   0.80   30-45     0.00       93   59.1%    +0.261    +24.26
  0.15   0.80   45-60     0.00       72   50.0%    +0.123     +8.83
  0.15   0.80   60-300    0.00      421   49.6%    +0.097    +40.66
  0.15   0.80   60-300    0.05      231   53.7%    +0.037     +8.64
  0.15   0.80   60-300    0.10      146   56.8%    +0.032     +4.63
  0.15   0.80   60-300    0.15       87   70.1%    +0.229    +19.94
  0.20   0.40   60-300    0.00      152   44.7%    +0.221    +33.63
  0.20   0.50   30-45     0.00       62   48.4%    +0.132     +8.16
  0.20   0.50   60-300    0.00      258   46.1%    +0.140    +36.16
  0.20   0.50   60-300    0.05      109   46.8%    +0.003     +0.38
  0.20   0.60   30-45     0.00       66   51.5%    +0.173    +11.44
  0.20   0.60   60-300    0.00      296   48.3%    +0.139    +41.08
  0.20   0.60   60-300    0.05      147   51.0%    +0.036     +5.30
  0.20   0.60   60-300    0.10       90   52.2%    -0.007     -0.64
  0.20   0.70   30-45     0.00       68   52.9%    +0.184    +12.48
  0.20   0.70   60-300    0.00      299   48.5%    +0.138    +41.20
  0.20   0.70   60-300    0.05      150   51.3%    +0.036     +5.42
  0.20   0.70   60-300    0.10       93   52.7%    -0.006     -0.52
  0.20   0.80   30-45     0.00       68   52.9%    +0.184    +12.48
  0.20   0.80   60-300    0.00      299   48.5%    +0.138    +41.20
  0.20   0.80   60-300    0.05      150   51.3%    +0.036     +5.42
  0.20   0.80   60-300    0.10       93   52.7%    -0.006     -0.52
  0.25   0.40   60-300    0.00      152   44.7%    +0.221    +33.63
  0.25   0.50   60-300    0.00      234   47.0%    +0.174    +40.65
  0.25   0.50   60-300    0.05       94   48.9%    +0.053     +4.96
  0.25   0.60   60-300    0.00      271   49.1%    +0.165    +44.78
  0.25   0.60   60-300    0.05      131   52.7%    +0.069     +9.09
  0.25   0.60   60-300    0.10       83   54.2%    +0.031     +2.60
  0.25   0.70   60-300    0.00      274   49.3%    +0.164    +44.89
  0.25   0.70   60-300    0.05      134   53.0%    +0.069     +9.20
  0.25   0.70   60-300    0.10       86   54.7%    +0.032     +2.72
  0.25   0.80   60-300    0.00      274   49.3%    +0.164    +44.89
  0.25   0.80   60-300    0.05      134   53.0%    +0.069     +9.20
  0.25   0.80   60-300    0.10       86   54.7%    +0.032     +2.72
  0.30   0.40   60-300    0.00      109   52.3%    +0.457    +49.80
  0.30   0.50   60-300    0.00      149   53.7%    +0.393    +58.54
  0.30   0.60   60-300    0.00      153   54.2%    +0.392    +60.02
  0.30   0.70   60-300    0.00      155   54.8%    +0.394    +61.14
  0.30   0.70   60-300    0.05       61   54.1%    +0.141     +8.61
  0.30   0.80   60-300    0.00      155   54.8%    +0.394    +61.14
  0.30   0.80   60-300    0.05       61   54.1%    +0.141     +8.61
  readable cells: 151 of 560   (409 insufficient, not read)

  === HIGH (n=685) ===
  evflr  maxp   secwin    |p-.5|      n      W%    per $1     total
  0.00   0.40   60-300    0.00      126   44.4%    +0.211    +26.57
  0.00   0.50   0-30      0.00       74   39.2%    -0.146    -10.83
  0.00   0.50   30-45     0.00       82   51.2%    +0.186    +15.28
  0.00   0.50   45-60     0.00       71   50.7%    +0.191    +13.54
  0.00   0.50   60-300    0.00      273   47.6%    +0.144    +39.35
  0.00   0.50   60-300    0.05      156   50.0%    +0.115    +17.98
  0.00   0.50   60-300    0.10       81   43.2%    -0.087     -7.02
  0.00   0.60   0-30      0.00      108   42.6%    -0.131    -14.15
  0.00   0.60   0-30      0.05       81   48.1%    -0.060     -4.89
  0.00   0.60   0-30      0.10       63   46.0%    -0.133     -8.37
  0.00   0.60   30-45     0.00      123   60.2%    +0.263    +32.39
  0.00   0.60   30-45     0.05       84   60.7%    +0.160    +13.44
  0.00   0.60   30-45     0.10       64   68.8%    +0.288    +18.41
  0.00   0.60   45-60     0.00       89   47.2%    +0.072     +6.40
  0.00   0.60   60-300    0.00      346   51.2%    +0.145    +50.23
  0.00   0.60   60-300    0.05      229   54.6%    +0.126    +28.86
  0.00   0.60   60-300    0.10      154   53.2%    +0.025     +3.86
  0.00   0.60   60-300    0.15       86   62.8%    +0.176    +15.15
  0.00   0.70   0-30      0.00      109   42.2%    -0.139    -15.15
  0.00   0.70   0-30      0.05       82   47.6%    -0.072     -5.89
  0.00   0.70   0-30      0.10       64   45.3%    -0.146     -9.37
  0.00   0.70   30-45     0.00      124   60.5%    +0.265    +32.84
  0.00   0.70   30-45     0.05       85   61.2%    +0.164    +13.90
  0.00   0.70   30-45     0.10       65   69.2%    +0.290    +18.87
  0.00   0.70   45-60     0.00       92   48.9%    +0.086     +7.89
  0.00   0.70   60-300    0.00      359   52.1%    +0.145    +52.11
  0.00   0.70   60-300    0.05      242   55.8%    +0.127    +30.74
  0.00   0.70   60-300    0.10      167   55.1%    +0.034     +5.74
  0.00   0.70   60-300    0.15       99   64.6%    +0.172    +17.03
  0.00   0.80   0-30      0.00      109   42.2%    -0.139    -15.15
  0.00   0.80   0-30      0.05       82   47.6%    -0.072     -5.89
  0.00   0.80   0-30      0.10       64   45.3%    -0.146     -9.37
  0.00   0.80   30-45     0.00      124   60.5%    +0.265    +32.84
  0.00   0.80   30-45     0.05       85   61.2%    +0.164    +13.90
  0.00   0.80   30-45     0.10       65   69.2%    +0.290    +18.87
  0.00   0.80   45-60     0.00       92   48.9%    +0.086     +7.89
  0.00   0.80   60-300    0.00      359   52.1%    +0.145    +52.11
  0.00   0.80   60-300    0.05      242   55.8%    +0.127    +30.74
  0.00   0.80   60-300    0.10      167   55.1%    +0.034     +5.74
  0.00   0.80   60-300    0.15       99   64.6%    +0.172    +17.03
  0.05   0.40   60-300    0.00      126   44.4%    +0.211    +26.57
  0.05   0.50   0-30      0.00       74   39.2%    -0.146    -10.83
  0.05   0.50   30-45     0.00       82   51.2%    +0.186    +15.28
  0.05   0.50   45-60     0.00       71   50.7%    +0.191    +13.54
  0.05   0.50   60-300    0.00      273   47.6%    +0.144    +39.35
  0.05   0.50   60-300    0.05      156   50.0%    +0.115    +17.98
  0.05   0.50   60-300    0.10       81   43.2%    -0.087     -7.02
  0.05   0.60   0-30      0.00      108   42.6%    -0.131    -14.15
  0.05   0.60   0-30      0.05       81   48.1%    -0.060     -4.89
  0.05   0.60   0-30      0.10       63   46.0%    -0.133     -8.37
  0.05   0.60   30-45     0.00      123   60.2%    +0.263    +32.39
  0.05   0.60   30-45     0.05       84   60.7%    +0.160    +13.44
  0.05   0.60   30-45     0.10       64   68.8%    +0.288    +18.41
  0.05   0.60   45-60     0.00       89   47.2%    +0.072     +6.40
  0.05   0.60   60-300    0.00      346   51.2%    +0.145    +50.23
  0.05   0.60   60-300    0.05      229   54.6%    +0.126    +28.86
  0.05   0.60   60-300    0.10      154   53.2%    +0.025     +3.86
  0.05   0.60   60-300    0.15       86   62.8%    +0.176    +15.15
  0.05   0.70   0-30      0.00      109   42.2%    -0.139    -15.15
  0.05   0.70   0-30      0.05       82   47.6%    -0.072     -5.89
  0.05   0.70   0-30      0.10       64   45.3%    -0.146     -9.37
  0.05   0.70   30-45     0.00      124   60.5%    +0.265    +32.84
  0.05   0.70   30-45     0.05       85   61.2%    +0.164    +13.90
  0.05   0.70   30-45     0.10       65   69.2%    +0.290    +18.87
  0.05   0.70   45-60     0.00       92   48.9%    +0.086     +7.89
  0.05   0.70   60-300    0.00      359   52.1%    +0.145    +52.11
  0.05   0.70   60-300    0.05      242   55.8%    +0.127    +30.74
  0.05   0.70   60-300    0.10      167   55.1%    +0.034     +5.74
  0.05   0.70   60-300    0.15       99   64.6%    +0.172    +17.03
  0.05   0.80   0-30      0.00      109   42.2%    -0.139    -15.15
  0.05   0.80   0-30      0.05       82   47.6%    -0.072     -5.89
  0.05   0.80   0-30      0.10       64   45.3%    -0.146     -9.37
  0.05   0.80   30-45     0.00      124   60.5%    +0.265    +32.84
  0.05   0.80   30-45     0.05       85   61.2%    +0.164    +13.90
  0.05   0.80   30-45     0.10       65   69.2%    +0.290    +18.87
  0.05   0.80   45-60     0.00       92   48.9%    +0.086     +7.89
  0.05   0.80   60-300    0.00      359   52.1%    +0.145    +52.11
  0.05   0.80   60-300    0.05      242   55.8%    +0.127    +30.74
  0.05   0.80   60-300    0.10      167   55.1%    +0.034     +5.74
  0.05   0.80   60-300    0.15       99   64.6%    +0.172    +17.03
  0.10   0.40   60-300    0.00      126   44.4%    +0.211    +26.57
  0.10   0.50   0-30      0.00       74   39.2%    -0.146    -10.83
  0.10   0.50   30-45     0.00       82   51.2%    +0.186    +15.28
  0.10   0.50   45-60     0.00       71   50.7%    +0.191    +13.54
  0.10   0.50   60-300    0.00      273   47.6%    +0.144    +39.35
  0.10   0.50   60-300    0.05      156   50.0%    +0.115    +17.98
  0.10   0.50   60-300    0.10       81   43.2%    -0.087     -7.02
  0.10   0.60   0-30      0.00      108   42.6%    -0.131    -14.15
  0.10   0.60   0-30      0.05       81   48.1%    -0.060     -4.89
  0.10   0.60   0-30      0.10       63   46.0%    -0.133     -8.37
  0.10   0.60   30-45     0.00      123   60.2%    +0.263    +32.39
  0.10   0.60   30-45     0.05       84   60.7%    +0.160    +13.44
  0.10   0.60   30-45     0.10       64   68.8%    +0.288    +18.41
  0.10   0.60   45-60     0.00       89   47.2%    +0.072     +6.40
  0.10   0.60   60-300    0.00      346   51.2%    +0.145    +50.23
  0.10   0.60   60-300    0.05      229   54.6%    +0.126    +28.86
  0.10   0.60   60-300    0.10      154   53.2%    +0.025     +3.86
  0.10   0.60   60-300    0.15       86   62.8%    +0.176    +15.15
  0.10   0.70   0-30      0.00      109   42.2%    -0.139    -15.15
  0.10   0.70   0-30      0.05       82   47.6%    -0.072     -5.89
  0.10   0.70   0-30      0.10       64   45.3%    -0.146     -9.37
  0.10   0.70   30-45     0.00      124   60.5%    +0.265    +32.84
  0.10   0.70   30-45     0.05       85   61.2%    +0.164    +13.90
  0.10   0.70   30-45     0.10       65   69.2%    +0.290    +18.87
  0.10   0.70   45-60     0.00       92   48.9%    +0.086     +7.89
  0.10   0.70   60-300    0.00      359   52.1%    +0.145    +52.11
  0.10   0.70   60-300    0.05      242   55.8%    +0.127    +30.74
  0.10   0.70   60-300    0.10      167   55.1%    +0.034     +5.74
  0.10   0.70   60-300    0.15       99   64.6%    +0.172    +17.03
  0.10   0.80   0-30      0.00      109   42.2%    -0.139    -15.15
  0.10   0.80   0-30      0.05       82   47.6%    -0.072     -5.89
  0.10   0.80   0-30      0.10       64   45.3%    -0.146     -9.37
  0.10   0.80   30-45     0.00      124   60.5%    +0.265    +32.84
  0.10   0.80   30-45     0.05       85   61.2%    +0.164    +13.90
  0.10   0.80   30-45     0.10       65   69.2%    +0.290    +18.87
  0.10   0.80   45-60     0.00       92   48.9%    +0.086     +7.89
  0.10   0.80   60-300    0.00      359   52.1%    +0.145    +52.11
  0.10   0.80   60-300    0.05      242   55.8%    +0.127    +30.74
  0.10   0.80   60-300    0.10      167   55.1%    +0.034     +5.74
  0.10   0.80   60-300    0.15       99   64.6%    +0.172    +17.03
  0.15   0.40   60-300    0.00      126   44.4%    +0.211    +26.57
  0.15   0.50   0-30      0.00       74   39.2%    -0.146    -10.83
  0.15   0.50   30-45     0.00       82   51.2%    +0.186    +15.28
  0.15   0.50   45-60     0.00       71   50.7%    +0.191    +13.54
  0.15   0.50   60-300    0.00      273   47.6%    +0.144    +39.35
  0.15   0.50   60-300    0.05      156   50.0%    +0.115    +17.98
  0.15   0.50   60-300    0.10       81   43.2%    -0.087     -7.02
  0.15   0.60   0-30      0.00      108   42.6%    -0.131    -14.15
  0.15   0.60   0-30      0.05       81   48.1%    -0.060     -4.89
  0.15   0.60   0-30      0.10       63   46.0%    -0.133     -8.37
  0.15   0.60   30-45     0.00      123   60.2%    +0.263    +32.39
  0.15   0.60   30-45     0.05       84   60.7%    +0.160    +13.44
  0.15   0.60   30-45     0.10       64   68.8%    +0.288    +18.41
  0.15   0.60   45-60     0.00       89   47.2%    +0.072     +6.40
  0.15   0.60   60-300    0.00      346   51.2%    +0.145    +50.23
  0.15   0.60   60-300    0.05      229   54.6%    +0.126    +28.86
  0.15   0.60   60-300    0.10      154   53.2%    +0.025     +3.86
  0.15   0.60   60-300    0.15       86   62.8%    +0.176    +15.15
  0.15   0.70   0-30      0.00      109   42.2%    -0.139    -15.15
  0.15   0.70   0-30      0.05       82   47.6%    -0.072     -5.89
  0.15   0.70   0-30      0.10       64   45.3%    -0.146     -9.37
  0.15   0.70   30-45     0.00      124   60.5%    +0.265    +32.84
  0.15   0.70   30-45     0.05       85   61.2%    +0.164    +13.90
  0.15   0.70   30-45     0.10       65   69.2%    +0.290    +18.87
  0.15   0.70   45-60     0.00       92   48.9%    +0.086     +7.89
  0.15   0.70   60-300    0.00      359   52.1%    +0.145    +52.11
  0.15   0.70   60-300    0.05      242   55.8%    +0.127    +30.74
  0.15   0.70   60-300    0.10      167   55.1%    +0.034     +5.74
  0.15   0.70   60-300    0.15       99   64.6%    +0.172    +17.03
  0.15   0.80   0-30      0.00      109   42.2%    -0.139    -15.15
  0.15   0.80   0-30      0.05       82   47.6%    -0.072     -5.89
  0.15   0.80   0-30      0.10       64   45.3%    -0.146     -9.37
  0.15   0.80   30-45     0.00      124   60.5%    +0.265    +32.84
  0.15   0.80   30-45     0.05       85   61.2%    +0.164    +13.90
  0.15   0.80   30-45     0.10       65   69.2%    +0.290    +18.87
  0.15   0.80   45-60     0.00       92   48.9%    +0.086     +7.89
  0.15   0.80   60-300    0.00      359   52.1%    +0.145    +52.11
  0.15   0.80   60-300    0.05      242   55.8%    +0.127    +30.74
  0.15   0.80   60-300    0.10      167   55.1%    +0.034     +5.74
  0.15   0.80   60-300    0.15       99   64.6%    +0.172    +17.03
  0.20   0.40   60-300    0.00      126   44.4%    +0.211    +26.57
  0.20   0.50   0-30      0.00       65   41.5%    -0.089     -5.76
  0.20   0.50   30-45     0.00       75   49.3%    +0.160    +11.99
  0.20   0.50   45-60     0.00       69   52.2%    +0.225    +15.54
  0.20   0.50   60-300    0.00      264   48.1%    +0.157    +41.39
  0.20   0.50   60-300    0.05      154   50.6%    +0.130    +19.98
  0.20   0.50   60-300    0.10       81   43.2%    -0.087     -7.02
  0.20   0.60   0-30      0.00       80   41.2%    -0.118     -9.40
  0.20   0.60   30-45     0.00      106   58.5%    +0.254    +26.97
  0.20   0.60   30-45     0.05       67   58.2%    +0.120     +8.02
  0.20   0.60   45-60     0.00       81   49.4%    +0.134    +10.84
  0.20   0.60   60-300    0.00      317   50.5%    +0.151    +47.82
  0.20   0.60   60-300    0.05      207   53.6%    +0.128    +26.41
  0.20   0.60   60-300    0.10      134   50.7%    -0.004     -0.59
  0.20   0.60   60-300    0.15       73   61.6%    +0.178    +13.00
  0.20   0.70   0-30      0.00       81   40.7%    -0.128    -10.40
  0.20   0.70   30-45     0.00      107   58.9%    +0.256    +27.42
  0.20   0.70   30-45     0.05       68   58.8%    +0.125     +8.48
  0.20   0.70   45-60     0.00       84   51.2%    +0.147    +12.33
  0.20   0.70   60-300    0.00      326   51.2%    +0.151    +49.38
  0.20   0.70   60-300    0.05      216   54.6%    +0.130    +27.97
  0.20   0.70   60-300    0.10      143   52.4%    +0.007     +0.97
  0.20   0.70   60-300    0.15       82   63.4%    +0.178    +14.56
  0.20   0.80   0-30      0.00       81   40.7%    -0.128    -10.40
  0.20   0.80   30-45     0.00      107   58.9%    +0.256    +27.42
  0.20   0.80   30-45     0.05       68   58.8%    +0.125     +8.48
  0.20   0.80   45-60     0.00       84   51.2%    +0.147    +12.33
  0.20   0.80   60-300    0.00      326   51.2%    +0.151    +49.38
  0.20   0.80   60-300    0.05      216   54.6%    +0.130    +27.97
  0.20   0.80   60-300    0.10      143   52.4%    +0.007     +0.97
  0.20   0.80   60-300    0.15       82   63.4%    +0.178    +14.56
  0.25   0.40   60-300    0.00      125   44.8%    +0.221    +27.57
  0.25   0.50   0-30      0.00       61   39.3%    -0.124     -7.55
  0.25   0.50   30-45     0.00       74   50.0%    +0.176    +12.99
  0.25   0.50   45-60     0.00       69   52.2%    +0.225    +15.54
  0.25   0.50   60-300    0.00      254   47.6%    +0.151    +38.30
  0.25   0.50   60-300    0.05      147   50.3%    +0.126    +18.46
  0.25   0.50   60-300    0.10       78   43.6%    -0.077     -5.98
  0.25   0.60   0-30      0.00       75   40.0%    -0.136    -10.19
  0.25   0.60   30-45     0.00      104   58.7%    +0.261    +27.17
  0.25   0.60   30-45     0.05       66   57.6%    +0.110     +7.23
  0.25   0.60   45-60     0.00       81   49.4%    +0.134    +10.84
  0.25   0.60   60-300    0.00      306   50.3%    +0.149    +45.73
  0.25   0.60   60-300    0.05      199   53.8%    +0.130    +25.89
  0.25   0.60   60-300    0.10      130   51.5%    +0.011     +1.44
  0.25   0.60   60-300    0.15       72   62.5%    +0.194    +14.00
  0.25   0.70   0-30      0.00       76   39.5%    -0.147    -11.19
  0.25   0.70   30-45     0.00      105   59.0%    +0.263    +27.63
  0.25   0.70   30-45     0.05       67   58.2%    +0.115     +7.69
  0.25   0.70   45-60     0.00       84   51.2%    +0.147    +12.33
  0.25   0.70   60-300    0.00      314   51.0%    +0.149    +46.82
  0.25   0.70   60-300    0.05      207   54.6%    +0.130    +26.98
  0.25   0.70   60-300    0.10      138   52.9%    +0.018     +2.53
  0.25   0.70   60-300    0.15       80   63.7%    +0.189    +15.09
  0.25   0.80   0-30      0.00       76   39.5%    -0.147    -11.19
  0.25   0.80   30-45     0.00      105   59.0%    +0.263    +27.63
  0.25   0.80   30-45     0.05       67   58.2%    +0.115     +7.69
  0.25   0.80   45-60     0.00       84   51.2%    +0.147    +12.33
  0.25   0.80   60-300    0.00      314   51.0%    +0.149    +46.82
  0.25   0.80   60-300    0.05      207   54.6%    +0.130    +26.98
  0.25   0.80   60-300    0.10      138   52.9%    +0.018     +2.53
  0.25   0.80   60-300    0.15       80   63.7%    +0.189    +15.09
  0.30   0.40   60-300    0.00       97   41.2%    +0.166    +16.10
  0.30   0.50   60-300    0.00      149   44.3%    +0.136    +20.27
  0.30   0.50   60-300    0.05       78   51.3%    +0.200    +15.60
  0.30   0.60   60-300    0.00      168   47.6%    +0.155    +26.09
  0.30   0.60   60-300    0.05       97   55.7%    +0.221    +21.42
  0.30   0.70   60-300    0.00      168   47.6%    +0.155    +26.09
  0.30   0.70   60-300    0.05       97   55.7%    +0.221    +21.42
  0.30   0.80   60-300    0.00      168   47.6%    +0.155    +26.09
  0.30   0.80   60-300    0.05       97   55.7%    +0.221    +21.42
  readable cells: 231 of 560   (329 insufficient, not read)

  READABLE-CELL COUNT PER BUCKET: LOW 159, MID 151, HIGH 231
