real-book snapshots: 48,563  markets 101  days ['2026-08-21', '2026-08-22', '2026-08-23', '2026-08-24']
ladder rows 606  with both books 606  abstain(tie/one-sided) 56  gamma cross-check: 0 mismatches of 156 checked

FAVOURITE CALIBRATION (real $5 VWAP bucket, all PolyOrderbooks BTC 5m markets, all offsets pooled):
bucket           n  mean vwap  realized    diff  EV/$ fee0  EV/$ fee7
[0.5,0.6)      118      0.551     0.534  -0.017     -0.031     -0.061
[0.6,0.7)      105      0.642     0.619  -0.023     -0.036     -0.060
[0.7,0.8)       84      0.748     0.833  +0.085     +0.114     +0.094
[0.8,0.9)       82      0.845     0.902  +0.058     +0.068     +0.057
[0.9,1.0)      103      0.951     0.981  +0.030     +0.032     +0.028

day          off mkts trades  win% avgVWAP$5 PnL/100 f0 PnL/100 f7 fix$5 f0 hyb$50 f0 hyb$50 f7  +1s f0  +5s f0  $100 f0
2026-08-21    30   19     15  60.0     0.615      -2.71      -5.32    -2.03     -2.14     -4.05  -15.79  -17.91    -2.82
2026-08-21    60   19     15  46.7     0.634     -28.00     -29.77   -21.00    -18.44    -19.45  -22.86  -20.80   -28.46
2026-08-21    90   19     14  71.4     0.719      -2.02      -3.88    -1.41     -1.52     -2.81   -2.95   -3.96    -2.56
2026-08-21   120   19     14  78.6     0.761      +3.47      +1.73    +2.43     +2.34     +1.09  +11.43  +12.32    +3.22
2026-08-21   180   16     13  84.6     0.845      -0.05      -1.12    -0.03     -0.12     -0.81   -0.22   +1.86    -0.48
2026-08-21   240   11      8  87.5     0.780     +10.62      +9.00    +4.25     +3.77     +3.12  +10.62  +16.90   +10.06
2026-08-22    30   15     14  78.6     0.641     +19.02     +16.19   +13.32    +13.23    +10.95  +18.30  +16.39   +18.22
2026-08-22    60   15     14  78.6     0.673     +15.92     +13.31   +11.15     +9.47     +7.55  +15.86  +17.74   +15.81
2026-08-22    90   15     15  73.3     0.709      +2.68      +0.62    +2.01     -1.41     -2.75   +1.67   +3.65    +1.81
2026-08-22   120   15     15  66.7     0.753     -11.07     -12.63    -8.30    -10.59    -11.55  -11.15  -10.97   -11.74
2026-08-22   180   15     14  71.4     0.813     -10.54     -11.80    -7.38    -11.45    -12.09   -9.87   -9.70   -11.28
2026-08-22   240   11      9  77.8     0.760      +2.76      +1.02    +1.24     +1.16     +0.34   +1.92   -5.97    +1.65
2026-08-23    30   56     51  56.9     0.620      -9.71     -12.05   -24.76    -24.05    -27.08  -10.43  -15.92   -10.03
2026-08-23    60   56     50  74.0     0.675     +10.43      +7.88   +26.08    +29.04    +20.11  +12.42  +17.53   +10.03
2026-08-23    90   55     51  76.5     0.725      +6.70      +4.59   +17.10    +13.27     +7.03  +10.84  +10.21    +6.16
2026-08-23   120   54     48  85.4     0.756     +13.88     +11.88   +33.30    +38.36    +30.81  +13.31   +6.99   +13.34
2026-08-23   180   53     48  89.6     0.853      +4.59      +3.54   +11.01     +9.47     +6.68   +0.59   -0.74    +4.35
2026-08-23   240   30     29  96.6     0.907      +8.94      +8.07   +12.96    +13.75    +12.25   +6.64   +4.02    +8.34
2026-08-24    30   11     11  63.6     0.611      +2.90      +0.15    +1.59     +1.59     +0.08   +4.07   -1.12    +2.85
2026-08-24    60   11     11  63.6     0.690     -14.77     -16.28    -8.12     -7.93     -8.71  -13.54  -13.36   -15.09
2026-08-24    90   11     10  80.0     0.754      +0.92      -0.54    +0.46     +0.14     -0.58   -9.01   -5.08    +0.62
2026-08-24   120   11     10  80.0     0.802      -1.76      -3.04    -0.88     -0.92     -1.55  -12.89   -6.91    -1.89
2026-08-24   180   10     10  90.0     0.861      +4.60      +3.57    +2.30     +2.15     +1.63   +4.10   +1.60    +4.53
2026-08-24   240    3      3  66.7     0.933     -30.87     -31.04    -4.63     -4.63     -4.66  -31.24  -31.97   -30.87

LABEL: REAL LADDERS (PolyOrderbooks open files). Days are PARTIAL (a few hours each), not full 288-window days. Fee 0.07 = official rate; fee 0 = what the Aug-1 stream reported.
