PER-DAY FAVOURITE CALIBRATION, TRADE-TAPE PROXY, $5 fill bucket, 120 s offset only (n | mean fill | realized | diff | EV/$ fee7)
  2026-08-22: [0.5,0.6)  54 0.553 0.519 -0.034 -0.091 | [0.6,0.7)  50 0.652 0.700 +0.048 +0.047 | [0.7,0.8)  55 0.747 0.727 -0.019 -0.043 | [0.8,0.9)  63 0.846 0.873 +0.027 +0.021 | [0.9,1.0)  56 0.934 0.946 +0.012 +0.008
  2026-08-24: [0.5,0.6)  27 0.562 0.556 -0.007 -0.042 | [0.6,0.7)  54 0.646 0.593 -0.054 -0.106 | [0.7,0.8)  58 0.739 0.621 -0.118 -0.176 | [0.8,0.9)  72 0.844 0.819 -0.024 -0.039 | [0.9,1.0)  66 0.933 0.939 +0.006 +0.002
  2026-08-27: [0.5,0.6)  34 0.553 0.559 +0.006 -0.021 | [0.6,0.7)  61 0.654 0.639 -0.015 -0.046 | [0.7,0.8)  63 0.744 0.714 -0.030 -0.057 | [0.8,0.9)  59 0.840 0.814 -0.027 -0.042 | [0.9,1.0)  62 0.939 0.968 +0.029 +0.027
  2026-08-31: [0.5,0.6)  27 0.558 0.407 -0.150 -0.292 | [0.6,0.7)  42 0.648 0.643 -0.005 -0.032 | [0.7,0.8)  56 0.749 0.732 -0.017 -0.040 | [0.8,0.9)  40 0.848 0.925 +0.077 +0.080 | [0.9,1.0)  52 0.939 0.885 -0.055 -0.062
  2026-09-05: [0.5,0.6)  42 0.556 0.738 +0.182 +0.286 | [0.6,0.7)  57 0.645 0.667 +0.022 +0.008 | [0.7,0.8)  66 0.743 0.712 -0.031 -0.059 | [0.8,0.9)  68 0.851 0.838 -0.012 -0.025 | [0.9,1.0)  49 0.940 0.959 +0.020 +0.016

PER-DAY CALIBRATION, all offsets pooled (n | diff realized-price | EV/$ fee7):
  2026-08-22: [0.5,0.6)  324 -0.003 -0.036 | [0.6,0.7)  364 +0.022 +0.008 | [0.7,0.8)  297 +0.021 +0.009 | [0.8,0.9)  254 +0.061 +0.061 | [0.9,1.0)  293 -0.012 -0.016
  2026-08-24: [0.5,0.6)  275 -0.020 -0.066 | [0.6,0.7)  342 -0.043 -0.090 | [0.7,0.8)  305 -0.037 -0.067 | [0.8,0.9)  287 -0.008 -0.020 | [0.9,1.0)  321 -0.025 -0.030
  2026-08-27: [0.5,0.6)  273 +0.041 +0.041 | [0.6,0.7)  365 -0.013 -0.044 | [0.7,0.8)  321 -0.038 -0.067 | [0.8,0.9)  257 +0.013 +0.004 | [0.9,1.0)  319 -0.004 -0.008
  2026-08-31: [0.5,0.6)  209 -0.020 -0.067 | [0.6,0.7)  257 -0.058 -0.111 | [0.7,0.8)  270 -0.021 -0.045 | [0.8,0.9)  200 +0.023 +0.016 | [0.9,1.0)  259 -0.023 -0.027
  2026-09-05: [0.5,0.6)  344 +0.036 +0.031 | [0.6,0.7)  351 +0.040 +0.036 | [0.7,0.8)  269 +0.027 +0.017 | [0.8,0.9)  292 -0.022 -0.036 | [0.9,1.0)  373 +0.001 -0.002

STAKE EXECUTABILITY on the tape within 15 s of T (120 s offset): fill-ok %, mean fill, mean slippage vs the first print after T, median first-fill lag s
date           $2 ok%   fill   slip  lag   $5 ok%   fill   slip  lag  $10 ok%   fill   slip  lag $100 ok%   fill   slip  lag
2026-08-22       99.6  0.748 +0.000    0     99.6  0.748 -0.000    0     99.6  0.748 -0.000    0     99.3  0.747 -0.000    0
2026-08-24      100.0  0.764 +0.000    0    100.0  0.764 +0.000    0    100.0  0.764 +0.000    0    100.0  0.764 +0.000    0
2026-08-27       99.3  0.758 +0.000    0     99.3  0.758 +0.000    0     99.3  0.758 +0.000    0     99.3  0.758 -0.000    0
2026-08-31       99.6  0.760 +0.000    0     99.6  0.760 +0.000    0     99.6  0.760 +0.000    0     99.6  0.760 +0.000    0
2026-09-05      100.0  0.749 +0.000    0    100.0  0.749 +0.000    0    100.0  0.749 +0.000    0    100.0  0.749 -0.000    0

TRADES PER WINDOW (tape density): 2026-08-22: median 1756, 2026-08-24: median 1750, 2026-08-27: median 1580, 2026-08-31: median 1900, 2026-09-05: median 1127

REAL LADDERS (PolyOrderbooks, partial days) POOLED, by offset: markets | win% | avg $5 VWAP | PnL/100 fee7 | PnL/100 fee0 | +1s fee7 | +5s fee7 | $2 ok% | $100 ok%
    30s    91   61.5  0.621    -5.12    -2.61    -7.82   -12.20   90.1   90.1
    60s    90   68.9  0.670    -0.50    +1.80    +1.79    +4.89   89.1   89.1
    90s    90   75.6  0.725    +2.04    +4.03    +2.61    +3.24   90.0   90.0
   120s    87   80.5  0.762    +4.31    +6.10    +3.93    +1.26   87.9   87.9
   180s    85   85.9  0.846    +0.30    +1.39    -1.88    -2.64   90.4   90.4
   240s    49   89.8  0.861    +4.53    +5.64    +2.90    +0.87   89.1   89.1
  requested dates only (08-22 + 08-24), 120 s: markets 25  win 72.0%  PnL/100 fee7 -8.79

HYBRID PATH SANITY (independent, 120 s, fee 0.07): date | trades | max capital | min capital | end
  2026-08-22:  282  max   69.15  min  11.35  end  13.09  max stake   6.79
  2026-08-24:  288  max   54.02  min   3.59  end   4.08  max stake   5.36
  2026-08-27:  285  max   51.99  min   9.79  end  11.65  max stake   5.00
  2026-08-31:  223  max   57.10  min   5.26  end   7.03  max stake   5.50
  2026-09-05:  287  max  342.88  min  39.30  end  64.25  max stake  33.31
