common window 09-24 12:30 .. 09-30 01:25 UTC

arm / pair               trades        $   maxDD  P/DD  days+      H1$      H2$  corr   per day 09-24 09-25 09-26 09-27 09-28 09-29 09-30
LDN_fixed15                 218    -7.06  163.63 -0.04 3/7      -18.97   +11.91   --   -1 +51 -49 -33 -8 +22 +10
FAV                         658  +185.91  156.93  1.18 5/7       -7.96  +193.87   --   +48 +13 -67 +135 +17 +49 -8
FAV_ref                     650  +139.72  169.20  0.83 5/7      -47.64  +187.35   --   +34 +4 -88 +145 +7 +55 -17
FAV_mid                     339   +40.41  135.00  0.30 3/7      -28.02   +68.43   --   +36 -41 -19 -21 -7 +92 +1
FAV_all                    1284  +119.45  203.40  0.59 3/7      -61.46  +180.92   --   +41 -27 -70 +97 -2 +87 -7
LDN_fixed15+FAV             840   +89.42  117.12  0.76 6/7      -13.47  +102.89 -0.02  +23 +32 -58 +51 +4 +35 +1  beats-both:no
LDN_fixed15+FAV_ref         832   +66.33  124.72  0.53 4/7      -33.30   +99.63 -0.05  +16 +28 -69 +56 -1 +39 -3  beats-both:no
LDN_fixed15+FAV_mid         505   +16.67  116.48  0.14 4/7      -23.50   +40.17 -0.17  +17 +5 -34 -27 -7 +57 +6  beats-both:no
LDN_fixed15+FAV_all        1320   +56.20  124.89  0.45 5/7      -40.22   +96.41 -0.29  +20 +12 -60 +32 -5 +55 +2  beats-both:no
FAV+FAV_ref                 687  +162.81  162.50  1.00 5/7      -27.80  +190.61 +0.97  +41 +8 -78 +140 +12 +52 -12  beats-both:no
FAV+FAV_mid                 997  +113.16  109.97  1.03 4/7      -17.99  +131.15 -0.04  +42 -14 -43 +57 +5 +70 -3  beats-both:no
FAV+FAV_all                1284  +152.68  169.37  0.90 4/7      -34.71  +187.39 +0.76  +44 -7 -69 +116 +8 +68 -7  beats-both:no
FAV_ref+FAV_mid             960   +90.06  116.00  0.78 3/7      -37.83  +127.89 +0.03  +35 -19 -54 +62 -0 +74 -8  beats-both:no
FAV_ref+FAV_all            1284  +129.59  170.39  0.76 4/7      -54.55  +184.13 +0.76  +37 -12 -79 +121 +3 +71 -12  beats-both:no
FAV_mid+FAV_all            1284   +79.93  145.48  0.55 3/7      -44.74  +124.67 +0.42  +38 -34 -44 +38 -4 +90 -3  beats-both:no
